1 0.3794642857142858 0.3933035714285712 0.13035714285714264 0.0669642857142857
1 0.8325892857142854 0.5397321428571429 0.1473214285714285 0.07589285714285708
1 0.9638392857142858 0.5428571428571429 0.07232142857142847 0.07321428571428576
1 0.7013392857142858 0.27991071428571407 0.06339285714285747 0.13303571428571423
5 0.6267857142857148 0.27857142857142864 0.06249999999999977 0.1339285714285714
2 0.8464285714285715 0.620535714285714 0.13571428571428573 0.07499999999999984
3 0.378125 0.4683035714285714 0.1241071428571429 0.05803571428571431
3 0.48973214285714284 0.7232142857142854 0.06517857142857143 0.13571428571428504
0 0.5696428571428571 0.7236607142857142 0.05178571428571438 0.14374999999999985
4 0.48705357142857136 0.8598214285714286 0.06517857142857146 0.1428571428571429
