1 0.724107142857143 0.47767857142857134 0.14821428571428602 0.08392857142857128
1 0.9062499999999997 0.4616071428571427 0.1625 0.076785714285714
1 0.2678571428571429 0.39375 0.12321428571428582 0.07321428571428565
1 0.5660714285714286 0.23571428571428554 0.07500000000000011 0.1392857142857142
0 0.471875 0.7049107142857145 0.06339285714285696 0.14732142857142919
5 0.48839285714285724 0.24553571428571427 0.08035714285714285 0.1410714285714285
3 0.389285714285714 0.7160714285714286 0.07678571428571421 0.14464285714285685
3 0.2683035714285715 0.46607142857142864 0.12232142857142854 0.06785714285714269
4 0.39375 0.8625 0.07321428571428557 0.1499999999999999
2 0.7410714285714282 0.5633928571428571 0.14821428571428516 0.08571428571428537
