3 0.4247161778618731 0.22636589403973503 0.11764427625354783 0.12621807000946061
3 0.6812499999999995 0.3669642857142856 0.12499999999999988 0.1089285714285715
1 0.08839285714285705 0.675446428571428 0.15178571428571408 0.12410714285714249
2 0.1875 0.5066964285714282 0.14999999999999997 0.12053571428571437
1 0.24687499999999976 0.5781249999999999 0.14732142857142852 0.12053571428571433
1 0.5321428571428568 0.7290178571428566 0.12857142857142856 0.1419642857142855
5 0.6008928571428568 0.6767857142857145 0.13928571428571407 0.14285714285714302
1 0.7330357142857143 0.4312499999999993 0.12142857142857116 0.10535714285714269
4 0.3495535714285714 0.1267857142857143 0.10625000000000026 0.12321428571428576
0 0.3611607142857141 0.2696428571428571 0.11160714285714288 0.13571428571428565
