5 0.7535714285714286 0.4477678571428571 0.14642857142857124 0.07767857142857146
0 0.2772321428571429 0.3910714285714286 0.14910714285714283 0.05892857142857147
3 0.2808035714285714 0.3125 0.14017857142857135 0.07142857142857138
3 0.5468749999999999 0.20892857142857144 0.06696428571428557 0.1303571428571428
1 0.4709821428571427 0.6620535714285709 0.08303571428571425 0.15267857142857075
1 0.4580357142857142 0.8446428571428569 0.07321428571428579 0.1642857142857143
2 0.3799107142857141 0.6647321428571433 0.075892857142857 0.13839285714285712
1 0.7544642857142853 0.5276785714285714 0.1482142857142857 0.06964285714285708
1 0.6276785714285711 0.21160714285714272 0.07142857142857116 0.1267857142857141
4 0.14285714285714277 0.30892857142857105 0.14285714285714268 0.07142857142857136
