1 0.24330357142857154 0.8049107142857153 0.12946428571428573 0.14017857142857115
1 0.35401785714285666 0.6718749999999997 0.12232142857142779 0.1366071428571433
1 0.6504464285714278 0.7316964285714278 0.13660714285714307 0.12053571428571395
1 0.7571428571428583 0.39419642857142845 0.11250000000000027 0.12232142857142864
2 0.28035714285714275 0.6258928571428573 0.13035714285714267 0.14107142857142863
5 0.7013392857142857 0.6700892857142857 0.14732142857142838 0.1241071428571428
0 0.36473214285714256 0.3424107142857138 0.1348214285714285 0.12232142857142841
3 0.41339285714285706 0.2772321428571428 0.13571428571428573 0.11875
4 0.3071428571428573 0.1937499999999999 0.13035714285714292 0.12142857142857127
3 0.695535714285714 0.3441964285714286 0.11428571428571388 0.12946428571428556
