0 0.46919642857142835 0.6928571428571421 0.05982142857142833 0.1410714285714284
5 0.49285714285714266 0.23482142857142868 0.07857142857142829 0.14285714285714302
1 0.27053571428571416 0.38080357142857113 0.12321428571428564 0.07410714285714275
1 0.723660714285714 0.47187499999999993 0.1526785714285714 0.08303571428571405
1 0.9066964285714288 0.45625 0.16517857142857156 0.07499999999999998
1 0.5691964285714283 0.22812499999999994 0.07410714285714294 0.13839285714285712
3 0.3892857142857143 0.7017857142857141 0.07499999999999993 0.14107142857142863
3 0.27276785714285695 0.4553571428571422 0.1223214285714284 0.06964285714285699
4 0.390625 0.8482142857142857 0.07410714285714277 0.15178571428571425
2 0.7379464285714282 0.5558035714285708 0.14375000000000035 0.08482142857142827
