5 0.7285714285714284 0.4776785714285712 0.13749999999999982 0.0696428571428568
1 0.4611607142857143 0.8508928571428571 0.06339285714285729 0.14642857142857174
1 0.46651785714285715 0.6839285714285711 0.07053571428571434 0.13571428571428568
1 0.6125000000000003 0.23526785714285708 0.06785714285714291 0.12589285714285703
1 0.7267857142857137 0.5540178571428563 0.13749999999999934 0.06339285714285696
2 0.3843750000000001 0.6906250000000002 0.07410714285714289 0.13125000000000003
3 0.5339285714285711 0.23705357142857145 0.06249999999999992 0.12946428571428573
3 0.2763392857142857 0.3486607142857143 0.13482142857142854 0.0705357142857143
4 0.1415178571428571 0.34553571428571417 0.13839285714285715 0.06964285714285705
0 0.2772321428571428 0.4272321428571429 0.14196428571428568 0.05446428571428577
