0 0.32946428571428543 0.5272321428571415 0.14107142857142843 0.1098214285714279
3 0.28258928571428543 0.46473214285714287 0.1312499999999996 0.11339285714285738
3 0.4290178571428573 0.2379464285714286 0.10267857142857148 0.1116071428571429
5 0.7325892857142854 0.29598214285714297 0.133035714285714 0.1294642857142859
1 0.6486607142857143 0.6200892857142857 0.12589285714285703 0.13303571428571404
1 0.755357142857143 0.764285714285714 0.13750000000000004 0.14821428571428605
1 0.4919642857142857 0.19776785714285716 0.10178571428571423 0.10982142857142857
1 0.7799107142857149 0.35446428571428545 0.12946428571428575 0.11785714285714276
2 0.5825892857142859 0.6718750000000003 0.12946428571428595 0.1401785714285717
4 0.1696428571428571 0.5401785714285708 0.1392857142857142 0.10714285714285753
